StoneMazeFountain,1369,1377,1051,1059
StoneMazePath,1372,1374,1048,1050
StoneMazePathBig,1369,1377,1039,1047
StoneMazePath,1372,1374,1036,1038
StoneMazePathBig,1378,1386,1060,1068
StoneMazePath,1372,1374,1033,1035
StoneMazePath,1402,1404,1051,1053
StoneMazePath,1402,1404,1054,1056
StoneMazePath,1378,1380,1054,1056
StoneMazePath,1378,1380,1057,1059
StoneMazePath,1381,1383,1057,1059
StoneMazePath,1384,1386,1033,1035
StoneMazePath,1369,1371,1033,1035
StoneMazePath,1378,1380,1051,1053
StoneMazeLitRoom,1396,1401,1048,1053
StoneMazePath,1402,1404,1048,1050
StoneMazePath,1384,1386,1036,1038
StoneMazePath,1381,1383,1054,1056
StoneMazePath,1369,1371,1036,1038
StoneMazePath,1381,1383,1033,1035
StoneMazePath,1387,1389,1036,1038
StoneMazePath,1384,1386,1054,1056
StoneMazePath,1387,1389,1033,1035
StoneMazePath,1378,1380,1033,1035
StoneMazePath,1393,1395,1051,1053
StoneMazePath,1387,1389,1039,1041
StoneMazePath,1390,1392,1033,1035
StoneMazePath,1393,1395,1033,1035
StoneMazePath,1393,1395,1036,1038
StoneMazeShootingRange,1381,1386,1039,1047
StoneMazePath,1390,1392,1036,1038
StoneMazeLitRoom,1393,1398,1039,1044
StoneMazePath,1399,1401,1054,1056
StoneMazePath,1393,1395,1054,1056
StoneMazePath,1396,1398,1036,1038
StoneMazePath,1396,1398,1045,1047
StoneMazePath,1396,1398,1033,1035
StoneMazePath,1399,1401,1039,1041
StoneMazePath,1393,1395,1045,1047
StoneMazePath,1390,1392,1042,1044
StoneMazePath,1399,1401,1057,1059
StoneMazePath,1384,1386,1051,1053
StoneMazePath,1387,1389,1063,1065
StoneMazePath,1399,1401,1045,1047
StoneMazePath,1390,1392,1063,1065
StoneMazePath,1402,1404,1057,1059
StoneMazePath,1390,1392,1045,1047
StoneMazePath,1399,1401,1042,1044
StoneMazePath,1375,1377,1063,1065
StoneMazePath,1396,1398,1054,1056
StoneMazePath,1378,1380,1036,1038
StoneMazePath,1384,1386,1057,1059
StoneMazePath,1399,1401,1036,1038
StoneMazePath,1387,1389,1060,1062
StoneMazePath,1375,1377,1066,1068
StoneMazeEndChest,1393,1395,1063,1065
StoneMazePath,1381,1383,1051,1053
StoneMazePath,1390,1392,1039,1041
StoneMazePath,1372,1374,1066,1068
StoneMazePath,1375,1377,1036,1038
StoneMazeSpiderRoom,1399,1404,1060,1065
StoneMazePath,1393,1395,1048,1050
StoneMazePath,1390,1392,1054,1056
StoneMazeEndChest,1375,1377,1033,1035
StoneMazePath,1378,1380,1039,1041
StoneMazePath,1381,1383,1036,1038
StoneMazePath,1402,1404,1036,1038
StoneMazePath,1381,1383,1048,1050
StoneMazePath,1387,1389,1057,1059
StoneMazePath,1378,1380,1042,1044
StoneMazePath,1402,1404,1033,1035
StoneMazePath,1402,1404,1042,1044
StoneMazePath,1402,1404,1045,1047
StoneMazePath,1390,1392,1048,1050
StoneMazePath,1372,1374,1063,1065
StoneMazePath,1396,1398,1057,1059
StoneMazeEndChest,1399,1401,1033,1035
StoneMazePath,1390,1392,1051,1053
StoneMazePath,1387,1389,1051,1053
StoneMazePath,1387,1389,1048,1050
StoneMazePath,1387,1389,1045,1047
StoneMazePath,1396,1398,1060,1062
StoneMazePath,1393,1395,1057,1059
StoneMazePath,1393,1395,1060,1062
StoneMazePath,1378,1380,1048,1050
StoneMazePath,1387,1389,1042,1044
StoneMazePath,1387,1389,1054,1056
StoneMazeEndChest,1387,1389,1066,1068
StoneMazePath,1372,1374,1060,1062
StoneMazePath,1390,1392,1057,1059
StoneMazePath,1402,1404,1039,1041
StoneMazeEndChest,1369,1371,1063,1065
StoneMazeEndChest,1378,1380,1045,1047
StoneMazePath,1375,1377,1048,1050
StoneMazePath,1390,1392,1060,1062
StoneMazePath,1396,1398,1063,1065
StoneMazePath,1384,1386,1048,1050
StoneMazeEndChest,1375,1377,1060,1062
StoneMazePath,1390,1392,1066,1068
StoneMazeEndChest,1393,1395,1066,1068
StoneMaze,1369,1404,1033,1068
StonePlantMound2,1464,1476,1048,1061
RLCraft_DecentSkeleton,1419,1419,1072,1072
RLCraft_UndergroundRuin2,1414,1424,1067,1074
RLCraft_DecentZombie,1288,1288,1121,1121
RLCraft_UndergroundRuin3,1283,1291,1115,1123
SmallFortRuinsJapanese,1473,1519,1142,1188
ShrineSmallFire,1172,1182,1106,1116
StonePlantMound4,1464,1471,1284,1291
StoneLeafMound,1476,1483,1248,1257
RLCraft_BasicSpider,1143,1143,1407,1407
RLCraft_UndergroundRuin1,1137,1146,1401,1410
MysticalTree1,1383,1394,1417,1430
RLCraft_UndergroundFarm,1092,1135,1413,1455
UndergroundCultChamber,1165,1207,1455,1487
BlazeSpawnerCrystal,1195,1201,1512,1518
StonePlantBoulder,1408,1418,1450,1460
StonePlantMound4,1487,1494,1343,1350
